planner
200
 |42 -58721.5 175848.90625#35 -246502.671875 206579.78125#|42 -58721.5 175848.90625#35 -246502.671875 206579.78125#|42 -58721.5 175848.90625#35 -246502.671875 206579.78125#|42 -58721.5 175848.90625#35 -246502.671875 206579.78125#|42 -58721.5 175848.90625#35 -246502.671875 206579.78125#|42 -58721.5 175848.90625#35 -246502.671875 206579.78125#|42 -58721.5 175848.90625#35 -246502.671875 206579.78125#|42 -58721.5 175848.90625#35 -246502.671875 206579.78125#|42 -58721.5 175848.90625#35 -246502.671875 206579.78125#|42 -58721.5 175848.90625#35 -246502.671875 206579.78125#|42 -58721.5 175848.90625#35 -246502.671875 206579.78125#|42 -58721.5 175848.90625#35 -246502.671875 206579.78125#|42 -58721.5 175848.90625#35 -246502.671875 206579.78125#|42 -58721.5 175848.90625#35 -246502.671875 206579.78125#|42 -58721.5 175848.90625#35 -246502.671875 206579.78125#|42 -58721.5 175848.90625#35 -246502.671875 206579.78125#|42 -58721.5 175848.90625#35 -246502.671875 206579.78125#|42 -58721.5 175848.90625#35 -246502.671875 206579.78125#|42 -58721.5 175848.90625#35 -246502.671875 206579.78125#|42 -58721.5 175848.90625#35 -246502.671875 206579.78125#|42 -58721.5 175848.90625#35 -246502.671875 206579.78125#|42 -58721.5 175848.90625#35 -246502.671875 206579.78125#|42 -58721.5 175848.90625#35 -246502.671875 206579.78125#|42 -58721.5 175848.90625#35 -246502.671875 206579.78125#|42 -58721.5 175848.90625#35 -246502.671875 206579.78125#|42 -58721.5 175848.90625#35 -246502.671875 206579.78125#|42 -58721.5 175848.90625#35 -246502.671875 206579.78125#|42 -58721.5 175848.90625#35 -246502.671875 206579.78125#|42 -58721.5 175848.90625#35 -246502.671875 206579.78125#|42 -58721.5 175848.90625#35 -246502.671875 206579.78125#|42 -58721.5 175848.90625#35 -246502.671875 206579.78125#|42 -58721.5 175848.90625#35 -246502.671875 206579.78125#|42 -58721.5 175848.90625#35 -246502.671875 206579.78125#|42 -58721.5 175848.90625#35 -246502.671875 206579.78125#|42 -58721.5 175848.90625#35 -246502.671875 206579.78125#|42 -58721.5 175848.90625#35 -246502.671875 206579.78125#|42 -58721.5 175848.90625#35 -246502.671875 206579.78125#|42 -58721.5 175848.90625#35 -246502.671875 206579.78125#|42 -58721.5 175848.90625#35 -246502.671875 206579.78125#|42 -58721.5 175848.90625#35 -246502.671875 206579.78125#|42 -58721.5 175848.90625#35 -246502.671875 206579.78125#|42 -58721.5 175848.90625#35 -246502.671875 206579.78125#|35 -246502.671875 206579.78125#|35 -246502.671875 206579.78125#|35 -246502.671875 206579.78125#|35 -246502.671875 206579.78125#|35 -246502.671875 206579.78125#|35 -246502.671875 206579.78125#|35 -246502.671875 206579.78125#|35 -246502.671875 206579.78125#|35 -246502.671875 206579.78125#|35 -246502.671875 206579.78125#|35 -246502.671875 206579.78125#|35 -246502.671875 206579.78125#|35 -246502.671875 206579.78125#|35 -246502.671875 206579.78125#|35 -246502.671875 206579.78125#|35 -246502.671875 206579.78125#|35 -246502.671875 206579.78125#|35 -246502.671875 206579.78125#|35 -246502.671875 206579.78125#|35 -246502.671875 206579.78125#|35 -246502.671875 206579.78125#|35 -246502.671875 206579.78125#|35 -246502.671875 206579.78125#|35 -246502.671875 206579.78125#|35 -246502.671875 206579.78125#| | | | | | | | | | | | | | | | | | | | | | | | | | | | | | | | | | | | | | | | | | | | | | | | | | | | | | | | | | | | | | | | | | | | | | | | | | | | | | | | | | | | | | | | | | | | | | | | | | | | | | | | | | | | | | | | | | | | | | | | | | | | | | | | | | | |
1.0 1 |
 | | | | | | | | | | | | | | | | | | | | | | | | | | | | | | | | | | | | | | | | | | | | | | | | | | | | | | | | | | | | | | | | | | |
42 -58721.498602 175848.900752 1 |35 -246502.664775 206579.776611 1 |

1 1 1 1 1 1 1 1 1 1 1 1 1 1 1 1 1 1 1 1 1 1 1 1 1 1 1 1 1 1 1 1 1 1 1 1 1 1 1 1 1 1 1 1 1 1 1 1 1 1 1 1 1 1 1 1 1 1 1 1 1 1 1 1 1 1 1 
0 0 0 0 0 0 0 0 0 0 0 0 0 0 0 0 0 0 0 0 0 0 0 0 0 0 0 0 0 0 0 0 0 0 0 0 0 0 0 0 0 0 0 0 0 0 0 0 0 0 0 0 0 0 0 0 0 0 0 0 0 0 0 0 0 0 0 0 0 0 0 0 0 0 0 0 0 0 0 0 0 0 0 0 0 0 0 0 0 0 0 0 0 0 0 0 0 0 0 0 0 0 0 0 0 0 0 0 0 0 0 0 0 0 0 0 0 0 0 0 0 0 0 0 0 0 0 0 0 0 0 0 0 0 0 0 0 0 0 0 0 0 0 0 0 0 0 0 0 0 0 0 0 0 0 0 0 0 0 0 0 0 0 0 0 0 0 0 0 0 0 0 0 0 0 0 0 0 0 0 0 0 0 0 0 0 0 0 0 0 0 0 0 0 0 0 0 0 0 
1 0 0 0 0 0 0 0 0 0 0 0 0 0 0 0 0 0 0 0 0 0 0 0 0 0 0 0 0 0 0 0 0 0 0 0 0 0 0 0 0 0 0 0 0 0 0 0 0 0 0 0 0 0 0 0 0 0 0 0 0 0 0 0 0 0 0 0 0 0 0 0 0 0 0 0 0 0 0 0 0 0 0 0 0 0 0 0 0 0 0 0 0 0 0 0 0 0 0 0 0 0 0 0 0 0 0 0 0 0 0 0 0 0 0 0 0 0 0 0 0 0 0 0 0 0 0 0 0 0 0 0 0 0 0 0 0 0 0 0 0 0 0 0 0 0 0 0 0 0 0 0 0 0 0 0 0 0 0 0 0 0 0 0 0 0 0 0 0 0 0 0 0 0 0 0 0 0 0 0 0 0 0 0 0 0 0 0 0 0 0 0 0 0 0 0 0 0 0 

42 35 |42 35 |42 35 |42 35 |42 35 |42 35 |42 35 |42 35 |42 35 |42 35 |42 35 |42 35 |42 35 |42 35 |42 35 |42 35 |42 35 |42 35 |42 35 |42 35 |42 35 |42 35 |42 35 |42 35 |42 35 |42 35 |42 35 |42 35 |42 35 |42 35 |42 35 |42 35 |42 35 |42 35 |42 35 |42 35 |42 35 |42 35 |42 35 |42 35 |42 35 |42 35 |42 35 |42 35 |42 35 |42 35 |42 35 |42 35 |42 35 |42 35 |42 35 |42 35 |42 35 |42 35 |42 35 |42 35 |42 35 |42 35 |42 35 |42 35 |42 35 |42 35 |42 35 |42 35 |42 35 |42 35 |42 35 |42 35 |42 35 |42 35 |42 35 |42 35 |42 35 |42 35 |42 35 |42 35 |42 35 |42 35 |42 35 |42 35 |42 35 |42 35 |42 35 |42 35 |42 35 |42 35 |42 35 |42 35 |42 35 |42 35 |42 35 |42 35 |42 35 |42 35 |42 35 |42 35 |42 35 |42 35 |42 35 |42 35 |42 35 |42 35 |42 35 |42 35 |42 35 |42 35 |42 35 |42 35 |42 35 |42 35 |42 35 |42 35 |42 35 |42 35 |42 35 |42 35 |42 35 |42 35 |42 35 |42 35 |42 35 |42 35 |42 35 |42 35 |42 35 |42 35 |42 35 |42 35 |42 35 |42 35 |42 35 |42 35 |42 35 |42 35 |42 35 |42 35 |42 35 |42 35 |42 35 |42 35 |42 35 |42 35 |42 35 |42 35 |42 35 |42 35 |42 35 |42 35 |42 35 |42 35 |42 35 |42 35 |42 35 |42 35 |42 35 |42 35 |42 35 |42 35 |42 35 |42 35 |42 35 |42 35 |42 35 |42 35 |42 35 |42 35 |42 35 |42 35 |42 35 |42 35 |42 35 |42 35 |42 35 |42 35 |42 35 |42 35 |42 35 |42 35 |42 35 |42 35 |42 35 |42 35 |42 35 |42 35 |42 35 |42 35 |42 35 |42 35 |42 35 |42 35 |42 35 |42 35 |42 35 |42 35 |42 35 |42 35 |42 35 |42 35 |42 35 |
0.0 0.0 |-207738.02638 5677.58956274 |-300000 -62614.85241821657 |-300000 250000 |-293252.02343702264 -2325.512144287175 |-300000 236904.54504781376 |-300000 75924.44527960039 |-300000 -142586.30200203322 |-22975.02659608412 -250000 |-163884.72729245634 -250000 |-300000 14593.770476677222 |-143707.8074500283 -229928.7927428452 |-300000 -250000 |-300000 -101335.41038152782 |-300000 -250000 |-159898.55583312118 218971.4179552163 |-69433.54781840259 250000 |-125609.9562325785 200428.39713637717 |-65050.82522940642 237989.1293117716 |-100112.29134095382 186296.1774311221 |-57541.16719401116 183127.19150059504 |-51427.157408471045 179005.8438976571 |-56571.32239734785 185064.82530718477 |-47265.03149636797 183347.4501420367 |-42923.32849949547 196333.15174658858 |-61716.16768506952 214109.9830634745 |-44829.206017078264 248573.130904239 |22616.26317632504 218029.4348451529 |-3075.0424453764863 250000 |56932.725357527925 250000 |-11730.867648313048 131005.90122657604 |-71942.375324666 155369.58263318462 |-73251.68058508614 179710.49387100912 |-58708.79772188568 175897.02237941837 |-58708.79772188568 175897.02237941837 |-58708.79772188568 175897.02237941837 |-58708.79772188568 175897.02237941837 |-58708.79772188568 175897.02237941837 |-58708.79772188568 175897.02237941837 |-58708.79772188568 175897.02237941837 |-58708.79772188568 175897.02237941837 |-58708.79772188568 175897.02237941837 |-58708.79772188568 175897.02237941837 |-58708.79772188568 175897.02237941837 |-180277.9105685136 250000 |-203767.61291472364 174374.15593803 |-241115.83229117896 212696.44808609269 |-248797.40346718955 215421.3550851407 |-239697.00806055064 216210.04032353603 |-246247.11601723955 226015.90772700674 |-248538.4540288169 245318.18975124776 |-259100.39952575642 207991.8718306837 |-250846.788967468 198370.2994787862 |-249164.63455569497 207504.7015281771 |-246658.44573489277 208793.32111086315 |-247486.21036065105 206734.47921907078 |-246661.94504333384 206176.02948896133 |-246336.47463339186 206463.1748161828 |-246445.7811719563 206634.26153148466 |-246523.42717265655 206621.0043923246 |-246523.42717265655 206621.0043923246 |-246523.42717265655 206621.0043923246 |-246523.42717265655 206621.0043923246 |-246523.42717265655 206621.0043923246 |-246523.42717265655 206621.0043923246 |-246523.42717265655 206621.0043923246 |-246523.42717265655 206621.0043923246 |-246523.42717265655 206621.0043923246 |-246523.42717265655 206621.0043923246 |-246523.42717265655 206621.0043923246 |-246523.42717265655 206621.0043923246 |-246523.42717265655 206621.0043923246 |-246523.42717265655 206621.0043923246 |-246523.42717265655 206621.0043923246 |-246523.42717265655 206621.0043923246 |-246523.42717265655 206621.0043923246 |-246523.42717265655 206621.0043923246 |-246523.42717265655 206621.0043923246 |-246523.42717265655 206621.0043923246 |-246523.42717265655 206621.0043923246 |-246523.42717265655 206621.0043923246 |-246523.42717265655 206621.0043923246 |-246523.42717265655 206621.0043923246 |-246523.42717265655 206621.0043923246 |-246523.42717265655 206621.0043923246 |-246523.42717265655 206621.0043923246 |-246523.42717265655 206621.0043923246 |-246523.42717265655 206621.0043923246 |-246523.42717265655 206621.0043923246 |-246523.42717265655 206621.0043923246 |-246523.42717265655 206621.0043923246 |-246523.42717265655 206621.0043923246 |-246523.42717265655 206621.0043923246 |-246523.42717265655 206621.0043923246 |-246523.42717265655 206621.0043923246 |-246523.42717265655 206621.0043923246 |-246523.42717265655 206621.0043923246 |-246523.42717265655 206621.0043923246 |-246523.42717265655 206621.0043923246 |-246523.42717265655 206621.0043923246 |-246523.42717265655 206621.0043923246 |-246523.42717265655 206621.0043923246 |-246523.42717265655 206621.0043923246 |-246523.42717265655 206621.0043923246 |-246523.42717265655 206621.0043923246 |-246523.42717265655 206621.0043923246 |-246523.42717265655 206621.0043923246 |-246523.42717265655 206621.0043923246 |-246523.42717265655 206621.0043923246 |-246523.42717265655 206621.0043923246 |-246523.42717265655 206621.0043923246 |-246523.42717265655 206621.0043923246 |-246523.42717265655 206621.0043923246 |-246523.42717265655 206621.0043923246 |-246523.42717265655 206621.0043923246 |-246523.42717265655 206621.0043923246 |-246523.42717265655 206621.0043923246 |-246523.42717265655 206621.0043923246 |-246523.42717265655 206621.0043923246 |-246523.42717265655 206621.0043923246 |-246523.42717265655 206621.0043923246 |-246523.42717265655 206621.0043923246 |-246523.42717265655 206621.0043923246 |-246523.42717265655 206621.0043923246 |-246523.42717265655 206621.0043923246 |-246523.42717265655 206621.0043923246 |-246523.42717265655 206621.0043923246 |-246523.42717265655 206621.0043923246 |-246523.42717265655 206621.0043923246 |-246523.42717265655 206621.0043923246 |-246523.42717265655 206621.0043923246 |-246523.42717265655 206621.0043923246 |-246523.42717265655 206621.0043923246 |-246523.42717265655 206621.0043923246 |-246523.42717265655 206621.0043923246 |-246523.42717265655 206621.0043923246 |-246523.42717265655 206621.0043923246 |-246523.42717265655 206621.0043923246 |-246523.42717265655 206621.0043923246 |-246523.42717265655 206621.0043923246 |-246523.42717265655 206621.0043923246 |-246523.42717265655 206621.0043923246 |-246523.42717265655 206621.0043923246 |-246523.42717265655 206621.0043923246 |-246523.42717265655 206621.0043923246 |-246523.42717265655 206621.0043923246 |-246523.42717265655 206621.0043923246 |-246523.42717265655 206621.0043923246 |-246523.42717265655 206621.0043923246 |-246523.42717265655 206621.0043923246 |-246523.42717265655 206621.0043923246 |-246523.42717265655 206621.0043923246 |-246523.42717265655 206621.0043923246 |-246523.42717265655 206621.0043923246 |-246523.42717265655 206621.0043923246 |-246523.42717265655 206621.0043923246 |-246523.42717265655 206621.0043923246 |-246523.42717265655 206621.0043923246 |-246523.42717265655 206621.0043923246 |-246523.42717265655 206621.0043923246 |-246523.42717265655 206621.0043923246 |-246523.42717265655 206621.0043923246 |-246523.42717265655 206621.0043923246 |-246523.42717265655 206621.0043923246 |-246523.42717265655 206621.0043923246 |-246523.42717265655 206621.0043923246 |-246523.42717265655 206621.0043923246 |-246523.42717265655 206621.0043923246 |-246523.42717265655 206621.0043923246 |-246523.42717265655 206621.0043923246 |-246523.42717265655 206621.0043923246 |-246523.42717265655 206621.0043923246 |-246523.42717265655 206621.0043923246 |-246523.42717265655 206621.0043923246 |-246523.42717265655 206621.0043923246 |-246523.42717265655 206621.0043923246 |-246523.42717265655 206621.0043923246 |-246523.42717265655 206621.0043923246 |-246523.42717265655 206621.0043923246 |-246523.42717265655 206621.0043923246 |-246523.42717265655 206621.0043923246 |-246523.42717265655 206621.0043923246 |-246523.42717265655 206621.0043923246 |-246523.42717265655 206621.0043923246 |-246523.42717265655 206621.0043923246 |-246523.42717265655 206621.0043923246 |-246523.42717265655 206621.0043923246 |-246523.42717265655 206621.0043923246 |-246523.42717265655 206621.0043923246 |-246523.42717265655 206621.0043923246 |-246523.42717265655 206621.0043923246 |-246523.42717265655 206621.0043923246 |-246523.42717265655 206621.0043923246 |-246523.42717265655 206621.0043923246 |-246523.42717265655 206621.0043923246 |-246523.42717265655 206621.0043923246 |-246523.42717265655 206621.0043923246 |-246523.42717265655 206621.0043923246 |-246523.42717265655 206621.0043923246 |
 |3 1 |3 1 |3 1 |3 1 |3 1 |3 1 |3 1 |3 1 |3 1 |3 1 |3 1 |3 1 |3 1 |3 1 |3 1 |3 1 |3 1 |3 1 |3 1 |3 1 |3 1 |3 1 |3 1 |3 1 |3 1 |3 1 |3 1 |3 1 |3 1 |3 1 |3 1 |3 1 |3 1 |3 1 |3 1 |3 1 |3 1 |3 1 |3 1 |3 1 |3 1 |3 1 |3 1 |3 1 |3 1 |3 1 |3 1 |3 1 |3 1 |3 1 |3 1 |3 1 |3 1 |3 1 |3 1 |3 1 |3 1 |3 1 |3 1 |3 1 |3 1 |3 1 |3 1 |3 1 |3 1 |3 1 |3 1 |3 1 |3 1 |3 1 |3 1 |3 1 |3 1 |3 1 |3 1 |3 1 |3 1 |3 1 |3 1 |3 1 |3 1 |3 1 |3 1 |3 1 |3 1 |3 1 |3 1 |3 1 |3 1 |3 1 |3 1 |3 1 |3 1 |3 1 |3 1 |3 1 |3 1 |3 1 |3 1 |3 1 |3 1 |3 1 |3 1 |3 1 |3 1 |3 1 |3 1 |3 1 |3 1 |3 1 |3 1 |3 1 |3 1 |3 1 |3 1 |3 1 |3 1 |3 1 |3 1 |3 1 |3 1 |3 1 |3 1 |3 1 |3 1 |3 1 |3 1 |3 1 |3 1 |3 1 |3 1 |3 1 |3 1 |3 1 |3 1 |3 1 |3 1 |3 1 |3 1 |3 1 |3 1 |3 1 |3 1 |3 1 |3 1 |3 1 |3 1 |3 1 |3 1 |3 1 |3 1 |3 1 |3 1 |3 1 |3 1 |3 1 |3 1 |3 1 |3 1 |3 1 |3 1 |3 1 |3 1 |3 1 |3 1 |3 1 |3 1 |3 1 |3 1 |3 1 |3 1 |3 1 |3 1 |3 1 |3 1 |3 1 |3 1 |3 1 |3 1 |3 1 |3 1 |3 1 |3 1 |3 1 |3 1 |3 1 |3 1 |3 1 |3 1 |3 1 |3 1 |3 1 |3 1 |3 1 |3 1 |3 1 |3 1 |3 1 |
