planner
200
 |34 -209592.328125 214547.046875#41 -224001.46875 163898.0#|34 -209592.328125 214547.046875#41 -224001.46875 163898.0#|34 -209592.328125 214547.046875#41 -224001.46875 163898.0#|34 -209592.328125 214547.046875#41 -224001.46875 163898.0#|34 -209592.328125 214547.046875#41 -224001.46875 163898.0#|34 -209592.328125 214547.046875#41 -224001.46875 163898.0#|34 -209592.328125 214547.046875#41 -224001.46875 163898.0#|34 -209592.328125 214547.046875#41 -224001.46875 163898.0#|34 -209592.328125 214547.046875#41 -224001.46875 163898.0#|34 -209592.328125 214547.046875#41 -224001.46875 163898.0#|34 -209592.328125 214547.046875#41 -224001.46875 163898.0#|34 -209592.328125 214547.046875#41 -224001.46875 163898.0#|34 -209592.328125 214547.046875#41 -224001.46875 163898.0#|34 -209592.328125 214547.046875#41 -224001.46875 163898.0#|34 -209592.328125 214547.046875#41 -224001.46875 163898.0#|34 -209592.328125 214547.046875#41 -224001.46875 163898.0#|34 -209592.328125 214547.046875#41 -224001.46875 163898.0#|34 -209592.328125 214547.046875#41 -224001.46875 163898.0#|34 -209592.328125 214547.046875#41 -224001.46875 163898.0#|34 -209592.328125 214547.046875#41 -224001.46875 163898.0#|34 -209592.328125 214547.046875#41 -224001.46875 163898.0#|34 -209592.328125 214547.046875#41 -224001.46875 163898.0#|34 -209592.328125 214547.046875#41 -224001.46875 163898.0#|34 -209592.328125 214547.046875#41 -224001.46875 163898.0#|34 -209592.328125 214547.046875#41 -224001.46875 163898.0#|34 -209592.328125 214547.046875#41 -224001.46875 163898.0#|34 -209592.328125 214547.046875#41 -224001.46875 163898.0#|34 -209592.328125 214547.046875#41 -224001.46875 163898.0#|34 -209592.328125 214547.046875#41 -224001.46875 163898.0#|41 -224001.46875 163898.0#|41 -224001.46875 163898.0#|41 -224001.46875 163898.0#|41 -224001.46875 163898.0#|41 -224001.46875 163898.0#|41 -224001.46875 163898.0#|41 -224001.46875 163898.0#|41 -224001.46875 163898.0#|41 -224001.46875 163898.0#|41 -224001.46875 163898.0#|41 -224001.46875 163898.0#|41 -224001.46875 163898.0#|41 -224001.46875 163898.0#|41 -224001.46875 163898.0#|41 -224001.46875 163898.0#|41 -224001.46875 163898.0#|41 -224001.46875 163898.0#|41 -224001.46875 163898.0#|41 -224001.46875 163898.0#|41 -224001.46875 163898.0#|41 -224001.46875 163898.0#|41 -224001.46875 163898.0#|41 -224001.46875 163898.0#|41 -224001.46875 163898.0#|41 -224001.46875 163898.0#|41 -224001.46875 163898.0#|41 -224001.46875 163898.0#|41 -224001.46875 163898.0#|41 -224001.46875 163898.0#|41 -224001.46875 163898.0#|41 -224001.46875 163898.0#|41 -224001.46875 163898.0#|41 -224001.46875 163898.0#|41 -224001.46875 163898.0#|41 -224001.46875 163898.0#|41 -224001.46875 163898.0#|41 -224001.46875 163898.0#|41 -224001.46875 163898.0#|41 -224001.46875 163898.0#|41 -224001.46875 163898.0#|41 -224001.46875 163898.0#|41 -224001.46875 163898.0#|41 -224001.46875 163898.0#|41 -224001.46875 163898.0#|41 -224001.46875 163898.0#|41 -224001.46875 163898.0#|41 -224001.46875 163898.0#|41 -224001.46875 163898.0#|41 -224001.46875 163898.0#|41 -224001.46875 163898.0#|41 -224001.46875 163898.0#|41 -224001.46875 163898.0#|41 -224001.46875 163898.0#|41 -224001.46875 163898.0#|41 -224001.46875 163898.0#|41 -224001.46875 163898.0#|41 -224001.46875 163898.0#|41 -224001.46875 163898.0#|41 -224001.46875 163898.0#|41 -224001.46875 163898.0#| | | | | | | | | | | | | | | | | | | | | | | | | | | | | | | | | | | | | | | | | | | | | | | | | | | | | | | | | | | | | | | | | | | | | | | | | | | | | | | | | | | | | | | | | | | | | | | | | | | | | | | | | | | | | |
1.0 1 |
 | | | | | | | | | | | | | | | | | | | | | | | | | | | | | | | | | | | | | | | | | | | | | | | | | | | | | | | | | | | | | | | | | | | | | | | | | | | | | | | | | | | | | | | | |
34 -209592.333113 214547.040723 1 |41 -224001.466709 163898.004584 1 |

1 1 1 1 1 1 1 1 1 1 1 1 1 1 1 1 1 1 1 1 1 1 1 1 1 1 1 1 1 1 1 1 1 1 1 1 1 1 1 1 1 1 1 1 1 1 1 1 1 1 1 1 1 1 1 1 1 1 1 1 1 1 1 1 1 1 1 1 1 1 1 1 1 1 1 1 1 1 1 1 1 1 1 1 1 1 1 1 1 
0 0 0 0 0 0 0 0 0 0 0 0 0 0 0 0 0 0 0 0 0 0 0 0 0 0 0 0 0 0 0 0 0 0 0 0 0 0 0 0 0 0 0 0 0 0 0 0 0 0 0 0 0 0 0 0 0 0 0 0 0 0 0 0 0 0 0 0 0 0 0 0 0 0 0 0 0 0 0 0 0 0 0 0 0 0 0 0 0 0 0 0 0 0 0 0 0 0 0 0 0 0 0 0 0 0 0 0 0 0 0 0 0 0 0 0 0 0 0 0 0 0 0 0 0 0 0 0 0 0 0 0 0 0 0 0 0 0 0 0 0 0 0 0 0 0 0 0 0 0 0 0 0 0 0 0 0 0 0 0 0 0 0 0 0 0 0 0 0 0 0 0 0 0 0 0 0 0 0 0 0 0 0 0 0 0 0 0 0 0 0 0 0 0 0 0 0 0 0 
1 0 0 0 0 0 0 0 0 0 0 0 0 0 0 0 0 0 0 0 0 0 0 0 0 0 0 0 0 0 0 0 0 0 0 0 0 0 0 0 0 0 0 0 0 0 0 0 0 0 0 0 0 0 0 0 0 0 0 0 0 0 0 0 0 0 0 0 0 0 0 0 0 0 0 0 0 0 0 0 0 0 0 0 0 0 0 0 0 0 0 0 0 0 0 0 0 0 0 0 0 0 0 0 0 0 0 0 0 0 0 0 0 0 0 0 0 0 0 0 0 0 0 0 0 0 0 0 0 0 0 0 0 0 0 0 0 0 0 0 0 0 0 0 0 0 0 0 0 0 0 0 0 0 0 0 0 0 0 0 0 0 0 0 0 0 0 0 0 0 0 0 0 0 0 0 0 0 0 0 0 0 0 0 0 0 0 0 0 0 0 0 0 0 0 0 0 0 0 

34 41 |34 41 |34 41 |34 41 |34 41 |34 41 |34 41 |34 41 |34 41 |34 41 |34 41 |34 41 |34 41 |34 41 |34 41 |34 41 |34 41 |34 41 |34 41 |34 41 |34 41 |34 41 |34 41 |34 41 |34 41 |34 41 |34 41 |34 41 |34 41 |34 41 |34 41 |34 41 |34 41 |34 41 |34 41 |34 41 |34 41 |34 41 |34 41 |34 41 |34 41 |34 41 |34 41 |34 41 |34 41 |34 41 |34 41 |34 41 |34 41 |34 41 |34 41 |34 41 |34 41 |34 41 |34 41 |34 41 |34 41 |34 41 |34 41 |34 41 |34 41 |34 41 |34 41 |34 41 |34 41 |34 41 |34 41 |34 41 |34 41 |34 41 |34 41 |34 41 |34 41 |34 41 |34 41 |34 41 |34 41 |34 41 |34 41 |34 41 |34 41 |34 41 |34 41 |34 41 |34 41 |34 41 |34 41 |34 41 |34 41 |34 41 |34 41 |34 41 |34 41 |34 41 |34 41 |34 41 |34 41 |34 41 |34 41 |34 41 |34 41 |34 41 |34 41 |34 41 |34 41 |34 41 |34 41 |34 41 |34 41 |34 41 |34 41 |34 41 |34 41 |34 41 |34 41 |34 41 |34 41 |34 41 |34 41 |34 41 |34 41 |34 41 |34 41 |34 41 |34 41 |34 41 |34 41 |34 41 |34 41 |34 41 |34 41 |34 41 |34 41 |34 41 |34 41 |34 41 |34 41 |34 41 |34 41 |34 41 |34 41 |34 41 |34 41 |34 41 |34 41 |34 41 |34 41 |34 41 |34 41 |34 41 |34 41 |34 41 |34 41 |34 41 |34 41 |34 41 |34 41 |34 41 |34 41 |34 41 |34 41 |34 41 |34 41 |34 41 |34 41 |34 41 |34 41 |34 41 |34 41 |34 41 |34 41 |34 41 |34 41 |34 41 |34 41 |34 41 |34 41 |34 41 |34 41 |34 41 |34 41 |34 41 |34 41 |34 41 |34 41 |34 41 |34 41 |34 41 |34 41 |34 41 |34 41 |34 41 |34 41 |34 41 |34 41 |34 41 |34 41 |34 41 |34 41 |
0.0 0.0 |-88821.0916595 201647.660733 |-204611.26280372433 164977.20959497735 |-234290.15410701671 204991.4969272552 |-212357.72091170526 219832.63964522086 |-206412.61286916758 219342.1515618526 |-212161.6015491518 219112.48392490158 |-207106.6724795141 217736.95730371305 |-210658.8297462726 215804.03431420645 |-210397.70853688644 214176.37991461525 |-209532.85344906032 214371.46266739606 |-209410.5449968617 214510.77416569684 |-209532.8861264457 214371.5137509048 |-209410.6821810602 214510.83863948888 |-209533.09011174118 214371.8329425732 |-209411.53888298868 214511.24012718027 |-209534.35533416696 214373.82472580025 |-209416.8655308299 214513.69217577405 |-209541.88865040767 214386.14266584007 |-209448.97561529843 214526.8603727192 |-209575.4852222681 214456.48455118618 |-209587.954930107 214547.75187421808 |-209587.954930107 214547.75187421808 |-209587.954930107 214547.75187421808 |-209587.954930107 214547.75187421808 |-209587.954930107 214547.75187421808 |-209587.954930107 214547.75187421808 |-209587.954930107 214547.75187421808 |-209587.954930107 214547.75187421808 |-209587.954930107 214547.75187421808 |-209587.954930107 214547.75187421808 |-216829.11038045987 162387.30312902486 |-220696.721585813 156161.02710066625 |-213269.15569480727 160112.40260787826 |-210639.02407630236 149040.1084102316 |-208901.7949044599 129132.97639792402 |-242990.1066367382 112562.09773873382 |-225549.2401927914 60679.92924650179 |-123338.8547278657 46209.17150460751 |-87082.80899939933 -104353.51099846975 |-300000 -128221.31937835572 |-12880.957522094948 -221345.58556500537 |-72568.41323201987 -250000 |-300000 -250000 |-48441.93668855395 -250000 |300000 -250000 |300000 -154446.14062560973 |300000 250000 |300000 147732.57562832104 |-35571.26505521871 -250000 |87512.77107811262 187798.83064894722 |-214496.99923210396 107783.39489704517 |-269062.54019465914 123963.18433142574 |-215963.11279105511 95577.61631468413 |-284746.2434908431 94495.5236350285 |-255742.63720937967 6943.126714235681 |-201603.88635287443 -143759.65918905905 |94648.55136664971 -57798.15559491121 |-37291.12182572449 -250000 |156448.64521566097 -250000 |-57116.8858384231 250000 |-243549.32013819323 250000 |-234863.6366825951 162135.15036828414 |-229853.71105262003 152337.4477701208 |-241448.78201141936 158120.996619119 |-249943.60835786862 141823.13070211984 |-238282.15757969595 109818.3649991672 |-246891.23558120138 54551.478247352614 |-196748.86335708588 154383.06519620965 |-205605.90691800462 181856.52992824264 |-207164.2920883907 156195.72464159832 |-221323.77334260082 168125.71434161713 |-226296.11152134064 167560.49377814826 |-222235.2404716134 166081.11132572845 |-224177.5161190227 164053.0327519604 |-224292.66866294705 163848.6612227593 |-224416.05526927626 164117.0032612448 |-224855.13014719784 164281.49539473333 |-224164.70950567274 163649.73132753457 |-223874.45273624558 163713.25994976168 |-224058.84173128422 163840.78505482248 |-224048.779523478 163921.18381667347 |-224003.6045836451 163894.07250070156 |-224003.6045836451 163894.07250070156 |-224003.6045836451 163894.07250070156 |-224003.6045836451 163894.07250070156 |-224003.6045836451 163894.07250070156 |-224003.6045836451 163894.07250070156 |-224003.6045836451 163894.07250070156 |-224003.6045836451 163894.07250070156 |-224003.6045836451 163894.07250070156 |-224003.6045836451 163894.07250070156 |-224003.6045836451 163894.07250070156 |-224003.6045836451 163894.07250070156 |-224003.6045836451 163894.07250070156 |-224003.6045836451 163894.07250070156 |-224003.6045836451 163894.07250070156 |-224003.6045836451 163894.07250070156 |-224003.6045836451 163894.07250070156 |-224003.6045836451 163894.07250070156 |-224003.6045836451 163894.07250070156 |-224003.6045836451 163894.07250070156 |-224003.6045836451 163894.07250070156 |-224003.6045836451 163894.07250070156 |-224003.6045836451 163894.07250070156 |-224003.6045836451 163894.07250070156 |-224003.6045836451 163894.07250070156 |-224003.6045836451 163894.07250070156 |-224003.6045836451 163894.07250070156 |-224003.6045836451 163894.07250070156 |-224003.6045836451 163894.07250070156 |-224003.6045836451 163894.07250070156 |-224003.6045836451 163894.07250070156 |-224003.6045836451 163894.07250070156 |-224003.6045836451 163894.07250070156 |-224003.6045836451 163894.07250070156 |-224003.6045836451 163894.07250070156 |-224003.6045836451 163894.07250070156 |-224003.6045836451 163894.07250070156 |-224003.6045836451 163894.07250070156 |-224003.6045836451 163894.07250070156 |-224003.6045836451 163894.07250070156 |-224003.6045836451 163894.07250070156 |-224003.6045836451 163894.07250070156 |-224003.6045836451 163894.07250070156 |-224003.6045836451 163894.07250070156 |-224003.6045836451 163894.07250070156 |-224003.6045836451 163894.07250070156 |-224003.6045836451 163894.07250070156 |-224003.6045836451 163894.07250070156 |-224003.6045836451 163894.07250070156 |-224003.6045836451 163894.07250070156 |-224003.6045836451 163894.07250070156 |-224003.6045836451 163894.07250070156 |-224003.6045836451 163894.07250070156 |-224003.6045836451 163894.07250070156 |-224003.6045836451 163894.07250070156 |-224003.6045836451 163894.07250070156 |-224003.6045836451 163894.07250070156 |-224003.6045836451 163894.07250070156 |-224003.6045836451 163894.07250070156 |-224003.6045836451 163894.07250070156 |-224003.6045836451 163894.07250070156 |-224003.6045836451 163894.07250070156 |-224003.6045836451 163894.07250070156 |-224003.6045836451 163894.07250070156 |-224003.6045836451 163894.07250070156 |-224003.6045836451 163894.07250070156 |-224003.6045836451 163894.07250070156 |-224003.6045836451 163894.07250070156 |-224003.6045836451 163894.07250070156 |-224003.6045836451 163894.07250070156 |-224003.6045836451 163894.07250070156 |-224003.6045836451 163894.07250070156 |-224003.6045836451 163894.07250070156 |-224003.6045836451 163894.07250070156 |-224003.6045836451 163894.07250070156 |-224003.6045836451 163894.07250070156 |-224003.6045836451 163894.07250070156 |-224003.6045836451 163894.07250070156 |-224003.6045836451 163894.07250070156 |-224003.6045836451 163894.07250070156 |-224003.6045836451 163894.07250070156 |-224003.6045836451 163894.07250070156 |-224003.6045836451 163894.07250070156 |-224003.6045836451 163894.07250070156 |-224003.6045836451 163894.07250070156 |-224003.6045836451 163894.07250070156 |-224003.6045836451 163894.07250070156 |-224003.6045836451 163894.07250070156 |-224003.6045836451 163894.07250070156 |-224003.6045836451 163894.07250070156 |-224003.6045836451 163894.07250070156 |-224003.6045836451 163894.07250070156 |-224003.6045836451 163894.07250070156 |-224003.6045836451 163894.07250070156 |-224003.6045836451 163894.07250070156 |-224003.6045836451 163894.07250070156 |-224003.6045836451 163894.07250070156 |-224003.6045836451 163894.07250070156 |-224003.6045836451 163894.07250070156 |-224003.6045836451 163894.07250070156 |-224003.6045836451 163894.07250070156 |-224003.6045836451 163894.07250070156 |-224003.6045836451 163894.07250070156 |-224003.6045836451 163894.07250070156 |-224003.6045836451 163894.07250070156 |-224003.6045836451 163894.07250070156 |-224003.6045836451 163894.07250070156 |-224003.6045836451 163894.07250070156 |-224003.6045836451 163894.07250070156 |-224003.6045836451 163894.07250070156 |-224003.6045836451 163894.07250070156 |-224003.6045836451 163894.07250070156 |-224003.6045836451 163894.07250070156 |-224003.6045836451 163894.07250070156 |-224003.6045836451 163894.07250070156 |-224003.6045836451 163894.07250070156 |-224003.6045836451 163894.07250070156 |
 |0 1 3 |0 1 3 |0 1 3 |0 1 3 |0 1 3 |0 1 3 |0 1 3 |0 1 3 |0 1 3 |0 1 3 |0 1 3 |0 1 3 |0 1 3 |0 1 3 |0 1 3 |0 1 3 |0 1 3 |0 1 3 |0 1 3 |0 1 3 |0 1 3 |0 1 3 |0 1 3 |0 1 3 |0 1 3 |0 1 3 |0 1 3 |0 1 3 |0 1 3 |0 1 3 |0 1 3 |0 1 3 |0 1 3 |0 1 3 |0 1 3 |0 1 3 |0 1 3 |0 1 3 |0 1 3 |0 1 3 |0 1 3 |0 1 3 |0 1 3 |0 1 3 |0 1 3 |0 1 3 |0 1 3 |0 1 3 |0 1 3 |0 1 3 |0 1 3 |0 1 3 |0 1 3 |0 1 3 |0 1 3 |0 1 3 |0 1 3 |0 1 3 |0 1 3 |0 1 3 |0 1 3 |0 1 3 |0 1 3 |0 1 3 |0 1 3 |0 1 3 |0 1 3 |0 1 3 |0 1 3 |0 1 3 |0 1 3 |0 1 3 |0 1 3 |0 1 3 |0 1 3 |0 1 3 |0 1 3 |0 1 3 |0 1 3 |0 1 3 |0 1 3 |0 1 3 |0 1 3 |0 1 3 |0 1 3 |0 1 3 |0 1 3 |0 1 3 |0 1 3 |0 1 3 |0 1 3 |0 1 3 |0 1 3 |0 1 3 |0 1 3 |0 1 3 |0 1 3 |0 1 3 |0 1 3 |0 1 3 |0 1 3 |0 1 3 |0 1 3 |0 1 3 |0 1 3 |0 1 3 |0 1 3 |0 1 3 |0 1 3 |0 1 3 |0 1 3 |0 1 3 |0 1 3 |0 1 3 |0 1 3 |0 1 3 |0 1 3 |0 1 3 |0 1 3 |0 1 3 |0 1 3 |0 1 3 |0 1 3 |0 1 3 |0 1 3 |0 1 3 |0 1 3 |0 1 3 |0 1 3 |0 1 3 |0 1 3 |0 1 3 |0 1 3 |0 1 3 |0 1 3 |0 1 3 |0 1 3 |0 1 3 |0 1 3 |0 1 3 |0 1 3 |0 1 3 |0 1 3 |0 1 3 |0 1 3 |0 1 3 |0 1 3 |0 1 3 |0 1 3 |0 1 3 |0 1 3 |0 1 3 |0 1 3 |0 1 3 |0 1 3 |0 1 3 |0 1 3 |0 1 3 |0 1 3 |0 1 3 |0 1 3 |0 1 3 |0 1 3 |0 1 3 |0 1 3 |0 1 3 |0 1 3 |0 1 3 |0 1 3 |0 1 3 |0 1 3 |0 1 3 |0 1 3 |0 1 3 |0 1 3 |0 1 3 |0 1 3 |0 1 3 |0 1 3 |0 1 3 |0 1 3 |0 1 3 |0 1 3 |0 1 3 |0 1 3 |0 1 3 |0 1 3 |0 1 3 |0 1 3 |0 1 3 |0 1 3 |0 1 3 |0 1 3 |0 1 3 |0 1 3 |0 1 3 |0 1 3 |0 1 3 |
